³01 1568 Duum. 3111

6 1660016θο tout 16 0060616υο 66060, 0600061001060 ou 6000010, 0000 qu'ils 01600 6606 10000606 petis 60
660106 006006 0111100160 000016 60 06116 qu'elle vous oontomptibles 60 66 00016, 6600 000160066 60 00-
6160 0000010 0 060000016060001001066 60 0006 01166. 106000160οο0 166 Auges rendront 066001-
1606 060660 61 u'en 00160 00100 lesquelles 06 0006 00006 d’un 01006000 00006 11 6000160100. Si
16066600 6000066 00006066, 0616 16 000 00000000 0006 0060 quelque 00010006 1611160 (0000616 0000)
estimo 00’61160006160601606166001660 016016006· 60 61 00060 6601060 006 i’en eie, 0101660, 10 vous
tre 006061600 66060, 61000 60 0000 00616066160 000, 16 0006110060 160006 6606010 006 00060 60-
000060 n‘esure 1611160. 110 61 0006 00060 6606 00066 10100 06 001 0000106 nostre 110606106 60 060666
011106 1060066 0 1106; -Neses'o 011 sor 0106 Domini, de vous 06 0060006 000160 60 660 raison 006 166
00661 n'ey 16 06066006 006006 6111100100 0606 010 autres pensent d'eulxmesmes. S'il 0006 660 aussi
deu 0160 1606 060106 16 16 000001666006 166 00166 domeure quelque seintille 1001016 envers 000006
16 006006 seigneur, puis 006 00 000000106 100 06066 06 006111160 66001006, 16 00060 , 06 06 06160006
qu'elle 00060160 servir 0 016010 166 00061606 0160 deosque 06066060 66100 11160 0616οο1066-
600οο10 60 6000016006. 1101661611606 0006 60001- oripre: meis 1610066 16 16 sorte qus 06 066010 per
106006 00100160 000060 qu’en quelque 60100100 0006 0000600100 60 006 06 10111160 06006100 16 060660
660166 00 60160 01060106 10006 166 00166 10 86100600, 61 006 001606 60 006600001οο 0060 60016 16 trop vous
u’est 06 0060000600 chose indigne d’un 1000010066- 10601160 devant 166 hommesle 00061606 1606. Qus
tien, 06001 0106 66006 0000066 66000006 00 impos· 61 0006 06 00060 0660 16 06606 00166016 60 060006-
sible qni luy 01016006 00600661016 0060166 611110· 06006, 0006 0616060 (1060066 0 66 006 nostre Sei-
01006 60 0000601006 qu’il 060010, (16 66 060000016006 00600 0006 (10006 000010 mienlx 60000160 00660016)
06 60010 60 0061006 60100100 06 6060 06 60100 166 16000000 16 plaisir de 06 m’eseripre point, 60 00106
00166 (10 86100600. 116 0006016006 00061 06 0660116 16 061 proper, oomme 6066116 06 0006 60 66001006
66660 006, quelque ohose 006 0006 016 6600100 06 16 00 pert. (1006011601οο 01060 0001110 00 000-
0061006 01106 006 0006 616 16100 0160 0’60 66606 60100100, 0006 0’60 0000000001006 006 06160006006-
pour vous 00166060060000100, 0016 0600 0 6606 0000 0600 60 060060. 11016 06 luisses 00000000166006
0006 donner 000061οο 16 bien 0006 60601060 66100 6666006 00616 166106 60 16610606 0006100οε, 11160
11160, 60 0000 obvies 0 06 006 00116 0600601οο 06 001000, vostre bien 60 66100 00006 16 0160, 601606
0006 06060 (1660000060 16 bien inger 60 0601010 sni· 00006 00 016 pour 0006006606 10 somme 16 0001-
006 06 006 0 00066 16 vostre esdredon, 000 01060- (10016 66006 16100 0000 000.
0006 0006 00000160 0000016006 66006 16 luy. 110 06 060000001600 0 0006 bien humblement
16 06 0001606 point 16 006006 0000600οο 001 60 0160006066οουο 16 supply 006006 86100600 qu’il
00000600 (160600 Dieu 60 160061 16 101666 0 01)- 0006 0061116 tellement reduire 60 00010106 0000610006
6001106 00 0000100060 011160, 61000 006000016 60 666 00166 0060006 601006 100160600 060600 60
01606 006 160 0606 60 100, 16 veulx bien 6606060 60 gleire 00006 666 61600. Amen. 116 Ρο016 06
006 16 86100600 10006 00106 60 66 misericorde. unieme de Deoembrs.
11016 16 06 refuso pes sur le differunt que nous Oellu qui tonsiours desire vous estre 0000 60
00006 16 10060600 1611100 qui 6600 60 dernier frere 60 100160
1000, 000 066 006 00 0601600 16606010 10 86100600
001 munio restatur 6000010016 Dei ¹⁸) 0616 001666
000000 060001060600 inger euiourduy 000 oeulx qu’il
100 010160, 0016000006 006, 61 06 000160 60000υο60
16 10060600 00611100 10100 060 06010 00 6016 vou-
160 00006006 0600000 60 doubts ou 16001000 00110
016001660601016 Dieu ¹⁹) 60 00110 10060ορ60 100,
0006 ne polurreu 16601010 11300006 16010160 0000116606 ¹54·
1111111. iuuit edullo 10111111 0000000 eremo.
60 06060106 00 66000060οο0 Le 00006 00006 660-
06006 166 66066 16 06 00016 061 0606600 1600 00· 0000601 onim (0010006. 10060106 10 mopso
00116 00010 66660 16 poix pour oondemner 016016 discrimine 06066000, d se 1100166000 iri 0000066160.
11160 seru renversee, 6066100006 660060061606010 1160600001 res 1016001160. 17106106 nouus 00601000 use
qui 01606 16 0001006 16 11160 600000 1006 60 66 06· 000( mole 0100011000. Pii 10 Gallio 10 01000110 00010·-
00116 6606 0160 00060060 16 leur sens 660001666006 lissima 100161.

.. ..- ...μ-

00) usim& ‚ , , (sermoneque-uui. 060666 rmum 0. emur
1006006000. ..16000060(1011000000.01 660ιο. 1. N. 1110.)

116 1160100000.

 

